place(13.999, 0.978, 27.713, "Scout", 600)
place(17.203, 0.983, 27.488, "Scout", 350)
upgrade(17.203, 2.333, 27.488, 362)
upgrade(13.999, 2.328, 27.713, 212)
upgrade(17.203, 2.333, 27.488, 527)
upgrade(13.999, 2.328, 27.713, 704)
place(15.701, 0.983, 30.356, "Scout", 224)
place(15.766, 0.983, 30.427, "Scout", 275)
place(15.466, 0.978, 24.743, "Scout", 824)
upgrade(15.766, 2.333, 30.427, 574)
upgrade(15.466, 2.328, 24.743, 429)
upgrade(15.766, 2.333, 30.427, 1079)
upgrade(15.466, 2.328, 24.743, 830)
upgrade(17.203, 2.333, 27.488, 2827)
upgrade(13.999, 2.328, 27.713, 2746)
upgrade(15.466, 2.328, 24.743, 2571)
upgrade(15.766, 2.333, 30.427, 2674)
upgrade(17.203, 2.333, 27.488, 5728)
place(12.473, 0.979, 30.638, "Scout", 788)
place(12.059, 0.973, 24.668, "Scout", 1132)
place(10.679, 0.974, 27.693, "Scout", 2682)
upgrade(12.473, 2.329, 30.638, 3062)
upgrade(12.473, 2.329, 30.638, 2913)
upgrade(12.473, 2.329, 30.638, 2437)
upgrade(10.679, 2.324, 27.693, 3583)
upgrade(10.679, 2.324, 27.693, 3434)
upgrade(10.679, 2.324, 27.693, 2936)
upgrade(12.059, 2.323, 24.668, 608)
upgrade(12.059, 2.323, 24.668, 1427)
upgrade(12.059, 2.323, 24.668, 3891)
upgrade(15.766, 2.333, 30.427, 6265)
upgrade(12.473, 2.329, 30.638, 6148)
upgrade(13.999, 2.328, 27.713, 6116)
upgrade(15.466, 2.328, 24.743, 7357)
upgrade(10.679, 2.324, 27.693, 7612)
upgrade(12.059, 2.323, 24.668, 5686)
